0 0 12 6 0 0 7 0 18 0 5 24 0 10 1 0 0 4 0 0 0 0 0 0 0 
2 0 19 0 13 0 0 0 10 0 0 0 0 0 0 0 0 18 5 0 0 0 0 0 1 
0 0 0 0 0 0 0 22 0 0 0 0 3 0 2 0 0 14 12 0 16 8 25 0 0 
0 16 0 0 0 2 23 0 0 13 12 22 0 0 0 21 15 19 3 0 0 0 0 14 0 
23 0 24 0 0 0 0 0 25 8 4 0 16 19 21 0 0 7 0 0 0 3 12 0 9 
0 4 0 2 0 0 0 0 0 0 0 10 0 24 12 17 16 0 0 0 5 0 0 0 0 
0 0 9 0 0 6 25 0 0 0 8 0 5 3 0 0 0 0 0 0 20 0 0 18 19 
15 0 10 11 0 0 0 18 12 19 0 0 0 0 0 0 0 23 0 0 7 0 0 4 0 
0 0 0 0 0 0 0 14 0 22 0 0 18 16 20 0 6 11 13 0 0 0 0 0 0 
0 22 0 25 0 0 1 17 5 4 7 0 0 14 0 8 3 21 0 0 11 0 0 0 6 
0 20 13 15 0 0 0 0 0 0 9 0 0 2 0 25 0 1 8 0 0 5 0 21 0 
0 1 0 0 0 0 16 10 0 7 0 0 4 20 0 0 9 0 0 14 0 24 0 17 0 
25 2 5 0 0 0 0 0 13 0 0 0 0 0 22 0 0 0 0 0 19 1 8 0 0 
0 0 7 21 0 0 12 0 2 17 0 0 0 18 6 16 0 0 15 0 0 13 0 10 0 
8 10 18 12 16 9 0 0 0 5 0 0 0 0 19 0 0 17 0 21 0 15 0 0 22 
0 8 0 0 15 0 3 0 6 0 21 0 0 7 0 18 14 5 0 1 0 0 0 0 0 
0 0 0 19 0 1 0 16 11 0 0 0 10 22 25 15 0 0 0 0 0 0 21 0 0 
0 3 1 0 21 0 0 4 0 0 0 0 2 0 13 0 24 25 0 0 14 0 0 6 0 
0 0 0 0 0 0 0 15 0 12 14 0 6 17 24 0 0 0 0 0 0 0 13 0 0 
0 5 23 16 4 0 13 24 7 2 0 9 0 0 15 3 0 22 0 0 0 0 0 0 8 
0 0 25 20 2 0 19 0 0 0 0 1 0 0 0 0 21 3 0 0 12 0 0 0 0 
16 12 0 5 0 11 21 0 23 0 0 15 0 0 0 0 19 9 0 0 0 0 0 25 10 
0 0 0 0 9 20 22 7 4 0 3 0 14 25 18 0 11 0 0 0 0 0 1 0 15 
24 0 6 0 22 8 0 25 14 0 10 11 0 9 0 20 1 16 0 7 0 23 0 0 13 
14 13 21 1 0 0 5 0 0 0 6 0 22 0 23 10 0 0 0 2 0 0 18 7 11


16 23 7  0 24 0 4 0 0 0 10 0 0 0 1 0 18 0 0 8 21 14 0 17
0 0 20 0 0 19 15 16 0 0 0 0 0 5 24 4 0 2 14 23 0 0 18 0 7
9 2 12 0 0 0 0 0 20 11 13 0 0 7 0 0 0 0 0 6 0 0 10 25 1
4 0 0 0 19 0 0 0 14 0 8 0 0 23 21 10 0 9 7 17 0 0 0 0 0
18 0 0 0 0 0 1 17 10 0 11 15 19 0 0 12 0 20 0 0 0 13 0 0 0
0 7 1 3 0 0 12 0 0 0 0 0 16 0 0 8 20 11 0 0 0 0 0 9 21
0 6 0 10 0 0 2 21 18 0 12 19 23 0 0 0 0 0 24 16 1 0 0 14 0
8 20 0 18 16 11 0 0 24 0 9 0 0 0 3 0 0 0 22 0 12 0 0 10 4
0 0 0 0 0 1  0 9 22 4 0 0 0 0 0 17 23 2 0 24 8 13 0 0
15 21 0 17 9 8 0 0 0 0 0 18 7 2 0 0 1 0 0 0 0 0 19 0 0
0 4 0 16 0 0 0 14 0 0 0 22 0 10 0 0 11 17 8 0 21 24 9 0 0
0 10 11 22 0 0 0 0 0 21 24 3 0 17 1 7 0 0 18 0 5 0 0 0 14
0 0 0 0 17 10 4 0 0 20 0 0 0 0 0 25 0 0 9 5 16 0 0 0 0
25 0 0 0 6 0 16 0 0 19 14 13 0 8 9 23 0 0 0 0 0 12 4 18 ?
0 0 23 21 20 0 7 18 13 0 0 4 0 6 0 0 0 3 0 0 0 17 0 19 0
0 0 10 0 0 0 0 0 17 0 0 7 14 12 0 0 0 0 0 4 25 16 0 22 19
0 0 14 11 13 0 10 19 12 0 0 0 0 0 16 18 15 0 0 7 0 0 0 0 0
5 16 0 0 24 0 14 0 0 0 17 0 0 0 11 0 19 0 0 1 6 10 0 4 18
0 18 0 0 3 21 11 0 0 0 0 0 6 13 22 0 25 24 10 0 0 5 0 23 0
12 19 0 0 0 0 0 8 2 23 0 0 9 0 0 0  0 6 0 0 7 15 11 0
0 0 0 9 0 0 0 12 0 7 0 0 10 24 14 0 5 19 1 0 0 0 0 0 13
0 0 0 0 0 22 23 24 0 14 21 12 0 0 17 0 9 0 0 0 10 0 0 0 3
23 25 18 0 0 4 0 0 0 0 0 9 0 0 20 6 24 0 0 0 0 0 12 1 16
14 0 19 0 0 15 3 1 0 9 7 5 0 0 0 0 0 8 11 12 0 0 17 0 0
11 0 16 5 1 0 0 13 0 8 0 0 0 25 0 0 0 10 0 14 0 0 24 2 23


0 0 12 0 0 0 21 0 0 11 0 0 0 7 0 0 0 0 3 17 0 0 9 0 24
0 0 0 0 17 8 0 18 0 0 11 0 0 0 0 0 22 0 0 0 1 13 20 0 0
4 1 2 8 9 0 0 0 3 0 0 0 24 20 0 0 6 0 0 0 0 0 0 22 11
21 22 24 23 0 0 4 10 5 0 0 0 9 18 1 0 0 15 0 0 3 8 0 0 0
11 0 0 7 0 24 6 0 2 23 17 4 0 0 12 0 0 0 0 0 0 0 15 0 0
0 0 0 0 0 17 9 21 0 0 0 15 0 19 0 0 0 0 18 0 0 0 0 16 14
0 0 0 5 0 4 22 11 0 10 0 0 0 16 17 0 0 12 0 1 13 9 25 0 8
0 0 6 0 3 0 18 1 0 0 0 0 14 21 7 0 0 0 9 23 19 0 0 2 0
0 9 0 17 8 0 15 25 0 0 12 0 0 4 0 0 2 0 0 11 20 0 21 0 0
0 13 7 0 0 23 3 0 0 0 0 0 20 0 0 0 0 0 0 10 0 18 0 4 22
13 0 18 0 5 2 0 0 0 0 0 0 4 0 0 3 0 0 0 8 0 1 0 7 23
0 0 0 16 23 0 0 7 0 0 1 25 0 0 5 0 0 0 0 0 24 0 14 0 0
0 0 0 11 25 0 0 12 0 0 0 0 0 23 21 20 0 14 4 0 0 0 0 0 0
8 12 20 19 0 0 0 0 23 0 0 0 22 0 11 24 0 0 0 6 0 0 17 10 0
14 2 0 0 0 0 8 0 19 25 6 16 0 3 9 11 0 5 0 12 0 0 0 20 15
12 17 0 0 0 0 0 5 0 21 18 0 6 0 0 2 9 0 0 24 4 0 10 0 20
2 0 0 1 0 0 0 0 0 3 0 0 0 0 25 19 0 0 21 22 16 0 0 24 0
20 0 0 24 16 0 10 0 0 0 0 0 17 1 0 0 0 23 0 5 18 25 0 3 0
0 8 0 0 14 25 17 0 0 0 24 9 19 5 0 6 0 0 20 0 0 11 23 1 0
0 0 11 25 6 20 1 0 0 7 0 0 16 14 0 0 0 0 10 15 17 12 0 0 21
22 23 0 0 0 21 0 16 0 0 0 8 0 0 18 7 0 24 0 0 0 14 13 0 17
0 7 0 15 0 0 20 0 0 6 0 24 0 2 14 13 0 0 11 3 0 0 5 0 25
3 21 0 10 0 7 25 14 15 19 0 0 0 9 0 22 0 6 0 0 2 0 0 0 0
9 0 0 0 0 18 5 0 0 0 23 19 15 0 10 0 0 1 0 0 0 0 11 0 0
0 16 0 0 20 3 0 24 13 4 0 0 0 17 0 0 0 0 0 25 0 21 12 15 0